world: world
x: 109.77604424601368
y: 4.0
z: 27.85714729627564
yaw: 0.11254883
pitch: 5.3695984
name: bottom
lastowner: 5758a401-cec6-42a0-85f6-f9318c7bb303
