world: world
x: 154.89706188303867
y: 4.0
z: -33.63690792162618
yaw: 180.27422
pitch: -0.7482538
name: inspection
lastowner: 5758a401-cec6-42a0-85f6-f9318c7bb303
