world: world
x: 161.40589897285832
y: 4.0
z: 28.23687680486675
yaw: 1.0698242
pitch: -4.356217
name: top
lastowner: 5758a401-cec6-42a0-85f6-f9318c7bb303
