world: world
x: 182.98547278185148
y: 4.0
z: -3.05097075145928
yaw: 270.55127
pitch: -1.061989
name: warehouse
lastowner: 5758a401-cec6-42a0-85f6-f9318c7bb303
