lastAccountName: masayukijpn
timestamps:
  login: 1703397018877
  lastteleport: 1703397061155
  logout: 1703397066654
ipAddress: 127.0.0.1
lastlocation:
  world: world
  x: 196.99279256890227
  y: 82.0
  z: 16.41598967603182
  yaw: 28.818005
  pitch: 19.308462
logoutlocation:
  world: world
  x: 5.043268404130271
  y: 79.0
  z: -4.708566944967415
  yaw: 265.44858
  pitch: 22.573143
