world: world
x: 116.11691326064573
y: 4.0
z: -33.98694513442762
yaw: 180.62695
pitch: 0.11452061
name: banding
lastowner: 5758a401-cec6-42a0-85f6-f9318c7bb303
