world: world
x: 135.2543560148893
y: 4.0
z: 27.825431661908137
yaw: 0.11254883
pitch: 5.3695984
name: middle
lastowner: 5758a401-cec6-42a0-85f6-f9318c7bb303
