lastAccountName: masayukijpn
timestamps:
  login: 1703397066757
  logout: 1703397243300
  lastteleport: 1703397190305
ipAddress: 127.0.0.1
logoutlocation:
  world: world
  x: 139.9536642124922
  y: 4.0
  z: 16.261619878422053
  yaw: -153.48743
  pitch: 0.5696426
lastlocation:
  world: world
  x: 123.48465831376505
  y: 4.0
  z: 2.503307104158068
  yaw: -169.00835
  pitch: 15.347458
