world: world
x: 203.51720908714634
y: 82.0625
z: 0.9459563134494282
yaw: 0.60995483
pitch: 0.3736881
name: minigame
lastowner: 5758a401-cec6-42a0-85f6-f9318c7bb303
