spawns: 
  default: 
    world: world
    x: -8.699999988079071
    y: 80.0
    z: 0.5179122592585769
    yaw: 270.0981
    pitch: -1.2768617
  guest: 
    world: world
    x: -8.699999988079071
    y: 80.0
    z: 0.5179122592585769
    yaw: 270.0981
    pitch: -1.2768617
  newbie: 
    world: world
    x: -8.699999988079071
    y: 80.0
    z: 0.5179122592585769
    yaw: 270.0981
    pitch: -1.2768617
